Time,X,Y,Z,Displacement [mm]
2025-11-07T15:22:54.423,       0.00,        0.00,        0.00,        NaN
2025-11-07T15:22:54.423,       0.00,        0.00,        0.00,        NaN
2025-11-07T15:22:54.484,       0.00,        0.00,        0.00,        NaN
2025-11-07T15:23:04.545,        NaN,         NaN,         NaN,        NaN
2025-11-07T15:23:04.546,       0.00,        0.00,        0.00,       0.00
2025-11-07T15:23:05.061,      -0.01,        0.01,       -0.04,       0.04
2025-11-07T15:23:05.578,      -0.02,        0.00,       -0.02,       0.03
2025-11-07T15:23:06.097,       0.00,       -0.02,       -0.02,       0.03
2025-11-07T15:23:06.610,       0.00,        0.00,       -0.04,       0.04
2025-11-07T15:23:07.163,      -0.01,       -0.01,       -0.04,       0.04
2025-11-07T15:23:07.692,       0.01,       -0.01,       -0.01,       0.01
2025-11-07T15:23:08.192,       0.01,        0.00,        0.01,       0.01
2025-11-07T15:23:08.707,       0.00,       -0.01,       -0.01,       0.01
2025-11-07T15:23:09.224,      -0.01,       -0.00,        0.04,       0.04
2025-11-07T15:23:09.727,      -0.00,        0.01,       -0.01,       0.01
2025-11-07T15:23:10.239,      -0.00,       -0.01,       -0.03,       0.03
2025-11-07T15:23:10.755,      -0.01,       -0.01,       -0.00,       0.02
2025-11-07T15:23:11.272,      -0.01,       -0.01,       -0.06,       0.06
2025-11-07T15:23:11.791,       0.00,       -0.00,       -0.03,       0.03
2025-11-07T15:23:12.307,      -0.00,        0.00,        0.00,       0.00
2025-11-07T15:23:12.871,      -0.00,       -0.00,        0.02,       0.02
2025-11-07T15:23:13.423,       0.03,       -0.01,       -0.05,       0.06
2025-11-07T15:23:13.938,      -0.00,        0.00,        0.01,       0.01
2025-11-07T15:23:14.451,      -0.01,       -0.01,       -0.00,       0.01
2025-11-07T15:23:14.968,      -0.00,       -0.00,       -0.02,       0.02
2025-11-07T15:23:15.470,       0.00,       -0.01,       -0.05,       0.05
2025-11-07T15:23:15.986,      -0.00,       -0.02,        0.00,       0.02
2025-11-07T15:23:16.499,      -0.01,        0.00,        0.00,       0.01
2025-11-07T15:23:17.017,      -0.00,       -0.00,       -0.05,       0.05
2025-11-07T15:23:17.519,       0.01,       -0.02,       -0.04,       0.05
2025-11-07T15:23:18.034,       0.01,       -0.01,       -0.02,       0.02
2025-11-07T15:23:18.547,       0.00,       -0.02,       -0.08,       0.08
2025-11-07T15:23:19.064,       0.00,       -0.01,       -0.04,       0.04
2025-11-07T15:23:19.579,       0.00,       -0.00,        0.02,       0.02
2025-11-07T15:23:20.082,       0.00,       -0.01,        0.01,       0.02
2025-11-07T15:23:20.595,       0.01,        0.01,        0.00,       0.02
2025-11-07T15:23:21.112,       0.01,       -0.01,       -0.03,       0.03
2025-11-07T15:23:21.626,       0.01,       -0.00,        0.02,       0.02
2025-11-07T15:23:22.126,       0.00,        0.01,       -0.03,       0.03
2025-11-07T15:23:22.643,       0.01,       -0.01,       -0.03,       0.03
2025-11-07T15:23:23.159,      -0.00,       -0.00,       -0.03,       0.03
2025-11-07T15:23:23.677,      -0.01,        0.01,        0.00,       0.02
2025-11-07T15:23:24.193,      -0.01,       -0.00,       -0.00,       0.01
2025-11-07T15:23:24.761,      -0.00,       -0.00,        0.00,       0.00
2025-11-07T15:23:25.273,       0.01,        0.00,       -0.02,       0.02
2025-11-07T15:23:25.776,      -0.01,       -0.01,       -0.02,       0.02
2025-11-07T15:23:26.292,      -0.00,        0.00,       -0.01,       0.01
2025-11-07T15:23:26.806,      -0.00,        0.01,        0.03,       0.03
2025-11-07T15:23:27.320,       0.01,        0.00,       -0.04,       0.04
2025-11-07T15:23:27.823,       0.00,       -0.03,       -0.03,       0.04
2025-11-07T15:23:28.339,       0.00,       -0.01,       -0.02,       0.02
2025-11-07T15:23:28.853,       0.01,       -0.00,       -0.03,       0.03
2025-11-07T15:23:29.369,       0.01,       -0.00,       -0.02,       0.02
2025-11-07T15:23:29.884,      -0.00,        0.00,       -0.06,       0.06
2025-11-07T15:23:30.387,       0.01,       -0.00,        0.01,       0.02
2025-11-07T15:23:30.902,       0.00,        0.02,        0.01,       0.02
2025-11-07T15:23:31.416,       0.02,       -0.01,       -0.04,       0.04
2025-11-07T15:23:31.932,       0.01,       -0.00,       -0.04,       0.04
2025-11-07T15:23:32.452,       0.00,       -0.01,       -0.03,       0.03
2025-11-07T15:23:33.000,       0.01,       -0.01,       -0.03,       0.03
2025-11-07T15:23:33.514,      -0.01,        0.01,        0.02,       0.02
2025-11-07T15:23:34.032,       0.00,       -0.02,       -0.02,       0.03
2025-11-07T15:23:34.550,      -0.01,        0.00,       -0.01,       0.02
2025-11-07T15:23:35.097,      -0.00,        0.00,        0.02,       0.02
2025-11-07T15:23:35.614,       0.01,       -0.02,       -0.01,       0.02
2025-11-07T15:23:36.131,      -0.00,       -0.01,       -0.00,       0.01
2025-11-07T15:23:36.647,      -0.00,       -0.01,       -0.02,       0.03
2025-11-07T15:23:37.160,       0.01,       -0.02,       -0.02,       0.03
2025-11-07T15:23:37.676,       0.01,        0.00,        0.00,       0.01
2025-11-07T15:23:38.193,       0.01,        0.01,       -0.00,       0.01
2025-11-07T15:23:38.712,       0.00,        0.01,        0.02,       0.02
2025-11-07T15:23:39.227,       0.00,        0.00,       -0.02,       0.02
2025-11-07T15:23:39.776,       0.01,       -0.00,       -0.04,       0.04
2025-11-07T15:23:40.293,      -0.00,        0.02,       -0.00,       0.02
2025-11-07T15:23:40.809,       0.00,        0.01,        0.00,       0.01
2025-11-07T15:23:41.322,      -0.00,       -0.02,       -0.01,       0.02
2025-11-07T15:23:41.839,      -0.00,       -0.01,       -0.01,       0.01
2025-11-07T15:23:42.354,       0.01,       -0.00,       -0.00,       0.01
2025-11-07T15:23:42.873,      -0.00,       -0.00,       -0.01,       0.01
2025-11-07T15:23:43.390,       0.01,       -0.00,       -0.04,       0.04
2025-11-07T15:23:43.937,       0.02,       -0.00,       -0.00,       0.02
2025-11-07T15:23:44.455,       0.01,       -0.03,       -0.08,       0.08
2025-11-07T15:23:44.970,       0.01,       -0.03,       -0.03,       0.04
2025-11-07T15:23:45.487,      -0.01,        0.01,       -0.02,       0.03
2025-11-07T15:23:46.037,       0.01,       -0.02,       -0.05,       0.05
2025-11-07T15:23:46.552,      -0.01,       -0.00,       -0.03,       0.03
2025-11-07T15:23:47.066,      -0.00,       -0.00,       -0.06,       0.06
2025-11-07T15:23:47.583,      -0.00,       -0.00,       -0.03,       0.03
2025-11-07T15:23:48.085,      -0.00,        0.01,       -0.06,       0.06
2025-11-07T15:23:48.617,       0.01,        0.02,       -0.20,       0.20
2025-11-07T15:23:49.164,       0.01,       -0.03,       -0.19,       0.19
2025-11-07T15:23:49.680,      -0.00,       -0.02,       -0.31,       0.31
2025-11-07T15:23:50.198,      -0.01,        0.01,       -0.31,       0.31
2025-11-07T15:23:50.714,      -0.01,       -0.02,       -0.39,       0.39
2025-11-07T15:23:51.231,       0.01,       -0.00,       -0.43,       0.44
2025-11-07T15:23:51.744,      -0.00,        0.00,       -0.52,       0.52
2025-11-07T15:23:52.260,       0.02,        0.02,       -0.58,       0.58
2025-11-07T15:23:52.763,       0.00,       -0.00,       -0.60,       0.60
2025-11-07T15:23:53.280,      -0.00,       -0.02,       -0.65,       0.65
2025-11-07T15:23:53.793,       0.00,       -0.02,       -0.67,       0.67
2025-11-07T15:23:54.308,      -0.01,       -0.01,       -0.69,       0.69
2025-11-07T15:23:54.825,      -0.00,        0.01,       -0.76,       0.76
2025-11-07T15:23:55.344,       0.01,       -0.01,       -0.90,       0.90
2025-11-07T15:23:55.859,      -0.01,       -0.02,       -0.90,       0.90
2025-11-07T15:23:56.373,       0.01,        0.00,       -1.00,       1.00
2025-11-07T15:23:56.888,       0.00,        0.01,       -1.06,       1.06
2025-11-07T15:23:57.404,       0.02,       -0.01,       -1.15,       1.15
2025-11-07T15:23:57.925,      -0.00,       -0.01,       -1.20,       1.20
2025-11-07T15:23:58.487,       0.01,       -0.01,       -1.27,       1.27
2025-11-07T15:23:59.039,       0.01,       -0.01,       -1.27,       1.27
2025-11-07T15:23:59.555,       0.00,        0.01,       -1.25,       1.25
2025-11-07T15:24:00.073,      -0.01,       -0.00,       -1.21,       1.21
2025-11-07T15:24:00.585,      -0.00,       -0.01,       -1.24,       1.24
2025-11-07T15:24:01.100,      -0.02,       -0.02,       -1.20,       1.20
2025-11-07T15:24:01.617,      -0.03,        0.00,       -1.16,       1.16
2025-11-07T15:24:02.119,      -0.01,        0.00,       -1.08,       1.08
2025-11-07T15:24:02.632,      -0.01,        0.00,       -1.09,       1.09
2025-11-07T15:24:03.148,      -0.00,       -0.01,       -1.11,       1.11
2025-11-07T15:24:03.665,      -0.00,       -0.02,       -1.10,       1.10
2025-11-07T15:24:04.184,       0.00,       -0.01,       -1.11,       1.12
2025-11-07T15:24:04.699,      -0.00,        0.00,       -1.11,       1.11
2025-11-07T15:24:05.214,      -0.00,       -0.02,       -1.11,       1.11
2025-11-07T15:24:05.779,      -0.00,       -0.00,       -1.11,       1.11
2025-11-07T15:24:06.281,       0.00,       -0.02,       -1.11,       1.11
2025-11-07T15:24:06.794,      -0.01,       -0.01,       -1.11,       1.11
2025-11-07T15:24:07.311,      -0.01,       -0.01,       -1.08,       1.08
2025-11-07T15:24:07.826,      -0.01,       -0.00,       -1.10,       1.10
2025-11-07T15:24:08.345,      -0.01,       -0.01,       -1.08,       1.08
2025-11-07T15:24:08.912,       0.00,       -0.02,       -1.08,       1.08
2025-11-07T15:24:09.459,      -0.00,       -0.03,       -1.08,       1.08
2025-11-07T15:24:09.977,      -0.00,       -0.04,       -1.11,       1.11
2025-11-07T15:24:10.493,      -0.02,       -0.02,       -1.07,       1.07
2025-11-07T15:24:11.008,      -0.00,       -0.03,       -1.10,       1.10
2025-11-07T15:24:11.522,      -0.01,       -0.00,       -1.10,       1.10
2025-11-07T15:24:12.038,      -0.01,       -0.02,       -1.08,       1.08
2025-11-07T15:24:12.558,       0.01,       -0.04,       -1.05,       1.05
2025-11-07T15:24:13.073,      -0.01,        0.01,       -1.02,       1.02
2025-11-07T15:24:13.587,      -0.02,       -0.02,       -1.06,       1.06
2025-11-07T15:24:14.104,      -0.01,       -0.01,       -1.03,       1.03
2025-11-07T15:24:14.619,       0.00,       -0.01,       -1.04,       1.04
2025-11-07T15:24:15.121,      -0.00,       -0.00,       -1.04,       1.04
2025-11-07T15:24:15.635,       0.00,       -0.01,       -1.06,       1.06
2025-11-07T15:24:16.152,      -0.01,       -0.01,       -1.02,       1.02
2025-11-07T15:24:16.667,       0.00,       -0.02,       -1.06,       1.06
2025-11-07T15:24:17.186,      -0.00,       -0.01,       -1.02,       1.02
2025-11-07T15:24:17.703,       0.00,       -0.02,       -1.04,       1.04
2025-11-07T15:24:18.215,      -0.01,       -0.00,       -1.08,       1.08
2025-11-07T15:24:18.767,      -0.02,       -0.01,       -1.04,       1.04
2025-11-07T15:24:19.283,      -0.01,       -0.01,       -1.04,       1.04
2025-11-07T15:24:19.800,       0.00,        0.00,       -1.02,       1.02
2025-11-07T15:24:20.313,       0.00,       -0.01,       -1.06,       1.06
2025-11-07T15:24:20.829,       0.00,       -0.02,       -1.07,       1.07
2025-11-07T15:24:21.346,      -0.02,       -0.02,       -1.05,       1.05
2025-11-07T15:24:21.865,      -0.01,        0.00,       -1.04,       1.04
2025-11-07T15:24:22.380,      -0.00,        0.00,       -1.05,       1.05
2025-11-07T15:24:22.895,      -0.01,        0.01,       -1.04,       1.04
2025-11-07T15:24:23.427,      -0.01,       -0.00,       -1.08,       1.08
2025-11-07T15:24:23.943,      -0.02,       -0.01,       -1.05,       1.05
2025-11-07T15:24:24.458,      -0.01,       -0.01,       -1.02,       1.02
2025-11-07T15:24:24.960,      -0.02,       -0.01,       -1.05,       1.05
2025-11-07T15:24:25.474,      -0.01,       -0.03,       -0.92,       0.92
2025-11-07T15:24:25.991,      -0.01,       -0.02,       -0.92,       0.92
2025-11-07T15:24:26.506,      -0.01,       -0.02,       -0.79,       0.80
2025-11-07T15:24:27.025,      -0.02,       -0.01,       -0.70,       0.70
2025-11-07T15:24:27.542,       0.01,        0.01,       -0.67,       0.67
2025-11-07T15:24:28.055,      -0.00,       -0.02,       -0.63,       0.63
2025-11-07T15:24:28.571,      -0.01,       -0.02,       -0.56,       0.56
2025-11-07T15:24:29.088,       0.00,       -0.00,       -0.52,       0.52
2025-11-07T15:24:29.606,       0.01,       -0.01,       -0.47,       0.47
2025-11-07T15:24:30.122,       0.01,       -0.01,       -0.50,       0.50
2025-11-07T15:24:30.638,      -0.01,        0.00,       -0.49,       0.49
2025-11-07T15:24:31.185,      -0.01,        0.00,       -0.32,       0.32
2025-11-07T15:24:31.717,      -0.01,       -0.01,       -0.27,       0.27
2025-11-07T15:24:32.219,      -0.01,       -0.00,       -0.22,       0.22
2025-11-07T15:24:32.734,      -0.00,        0.00,       -0.16,       0.16
2025-11-07T15:24:33.249,      -0.01,       -0.02,       -0.16,       0.16
2025-11-07T15:24:33.765,       0.01,       -0.00,       -0.08,       0.08
2025-11-07T15:24:34.282,       0.01,        0.01,       -0.03,       0.03
2025-11-07T15:24:34.800,       0.03,       -0.03,       -0.08,       0.09
2025-11-07T15:24:35.314,       0.00,       -0.01,       -0.10,       0.10
2025-11-07T15:24:35.831,       0.00,       -0.00,       -0.07,       0.07
2025-11-07T15:24:36.333,      -0.00,       -0.01,       -0.08,       0.08
2025-11-07T15:24:36.847,       0.01,       -0.02,       -0.06,       0.06
2025-11-07T15:24:37.361,       0.00,        0.00,       -0.07,       0.07
2025-11-07T15:24:37.878,      -0.00,       -0.00,       -0.05,       0.05
2025-11-07T15:24:38.393,      -0.00,       -0.01,       -0.07,       0.07
2025-11-07T15:24:38.912,       0.00,       -0.00,       -0.07,       0.07
2025-11-07T15:24:39.479,      -0.00,       -0.01,       -0.08,       0.08
2025-11-07T15:24:39.992,       0.01,       -0.03,       -0.09,       0.10
2025-11-07T15:24:40.495,       0.00,        0.01,       -0.01,       0.01
2025-11-07T15:24:41.010,       0.01,       -0.01,       -0.09,       0.09
2025-11-07T15:24:41.527,      -0.00,       -0.01,       -0.13,       0.13
2025-11-07T15:24:42.089,      -0.00,        0.00,       -0.08,       0.08
2025-11-07T15:24:42.605,       0.00,        0.01,       -0.08,       0.08
2025-11-07T15:24:43.125,       0.01,       -0.01,       -0.05,       0.05
2025-11-07T15:24:43.640,      -0.00,       -0.02,       -0.07,       0.07
2025-11-07T15:24:44.203,      -0.00,       -0.01,       -0.12,       0.12
2025-11-07T15:24:44.706,      -0.01,        0.00,       -0.03,       0.03
2025-11-07T15:24:45.223,      -0.01,       -0.02,        0.06,       0.07
2025-11-07T15:24:45.735,       0.01,       -0.01,        0.08,       0.08
2025-11-07T15:24:46.252,       0.00,       -0.02,        0.12,       0.12
2025-11-07T15:24:46.767,      -0.01,        0.02,        0.30,       0.31
2025-11-07T15:24:47.286,       0.00,        0.00,        0.32,       0.32
2025-11-07T15:24:47.852,      -0.00,        0.00,        0.34,       0.34
2025-11-07T15:24:48.399,      -0.00,        0.02,        0.38,       0.38
2025-11-07T15:24:48.919,      -0.00,       -0.01,        0.51,       0.51
2025-11-07T15:24:49.434,       0.00,       -0.00,        0.51,       0.51
2025-11-07T15:24:49.948,      -0.02,       -0.00,        0.60,       0.60
2025-11-07T15:24:50.465,      -0.02,       -0.02,        0.74,       0.74
2025-11-07T15:24:50.980,       0.01,        0.00,        0.70,       0.70
2025-11-07T15:24:51.498,       0.01,        0.01,        0.72,       0.72
2025-11-07T15:24:52.015,       0.01,       -0.01,        0.73,       0.73
2025-11-07T15:24:52.528,      -0.00,       -0.00,        0.77,       0.77
2025-11-07T15:24:53.043,       0.00,        0.01,        0.88,       0.88
2025-11-07T15:24:53.546,       0.00,        0.02,        0.91,       0.91
2025-11-07T15:24:54.063,      -0.00,        0.01,        0.96,       0.96
2025-11-07T15:24:54.576,      -0.00,       -0.01,        1.12,       1.12
2025-11-07T15:24:55.092,       0.01,        0.01,        1.13,       1.13
2025-11-07T15:24:55.608,       0.00,        0.03,        1.14,       1.14
2025-11-07T15:24:56.127,       0.01,        0.01,        1.26,       1.26
2025-11-07T15:24:56.643,       0.02,        0.02,        1.34,       1.34
2025-11-07T15:24:57.160,       0.02,        0.01,        1.38,       1.38
2025-11-07T15:24:57.673,       0.01,        0.03,        1.40,       1.40
2025-11-07T15:24:58.187,       0.01,        0.01,        1.44,       1.44
2025-11-07T15:24:58.704,       0.01,        0.01,        1.46,       1.46
2025-11-07T15:24:59.224,       0.00,        0.03,        1.46,       1.46
2025-11-07T15:24:59.739,       0.01,        0.01,        1.45,       1.45
2025-11-07T15:25:00.256,       0.02,        0.02,        1.49,       1.49
2025-11-07T15:25:00.768,       0.03,        0.01,        1.42,       1.42
2025-11-07T15:25:01.271,       0.01,        0.01,        1.36,       1.36
2025-11-07T15:25:01.787,       0.02,        0.03,        1.27,       1.27
2025-11-07T15:25:02.301,       0.06,        0.06,        1.10,       1.10
2025-11-07T15:25:02.817,       0.05,        0.05,        1.04,       1.05
2025-11-07T15:25:03.332,       0.04,        0.04,        1.01,       1.01
2025-11-07T15:25:03.835,       0.04,        0.00,        0.90,       0.90
2025-11-07T15:25:04.349,       0.03,        0.03,        0.90,       0.90
2025-11-07T15:25:04.881,       0.00,        0.02,        0.95,       0.95
2025-11-07T15:25:05.433,       0.01,        0.02,        0.88,       0.88
2025-11-07T15:25:05.950,       0.01,       -0.00,        0.94,       0.94
2025-11-07T15:25:06.462,      -0.00,        0.00,        0.93,       0.93
2025-11-07T15:25:06.979,       0.00,        0.02,        0.96,       0.96
2025-11-07T15:25:07.495,       0.01,       -0.00,        0.95,       0.95
2025-11-07T15:25:08.014,      -0.00,        0.01,        0.93,       0.93
2025-11-07T15:25:08.580,      -0.00,        0.02,        0.97,       0.97
2025-11-07T15:25:09.126,      -0.01,        0.02,        0.97,       0.97
2025-11-07T15:25:09.646,       0.00,        0.01,        0.92,       0.92
2025-11-07T15:25:10.161,       0.01,       -0.01,        0.95,       0.95
2025-11-07T15:25:10.674,       0.01,       -0.01,        0.94,       0.94
2025-11-07T15:25:11.241,       0.01,       -0.01,        0.97,       0.97
2025-11-07T15:25:11.760,       0.00,        0.02,        0.95,       0.95
2025-11-07T15:25:12.326,       0.00,        0.02,        0.97,       0.97
2025-11-07T15:25:12.889,       0.00,        0.03,        0.95,       0.95
2025-11-07T15:25:13.392,       0.00,        0.02,        0.93,       0.93
2025-11-07T15:25:13.907,      -0.00,        0.01,        0.90,       0.90
2025-11-07T15:25:14.420,       0.00,        0.00,        0.90,       0.90
2025-11-07T15:25:14.937,      -0.00,        0.01,        0.96,       0.96
2025-11-07T15:25:15.452,       0.02,        0.01,        0.83,       0.83
2025-11-07T15:25:15.972,      -0.00,        0.00,        0.70,       0.70
2025-11-07T15:25:16.489,       0.01,       -0.01,        0.60,       0.60
2025-11-07T15:25:17.001,      -0.00,        0.02,        0.54,       0.54
2025-11-07T15:25:17.517,      -0.01,        0.01,        0.42,       0.42
2025-11-07T15:25:18.020,       0.00,        0.01,        0.40,       0.40
2025-11-07T15:25:18.536,      -0.00,        0.03,        0.32,       0.32
2025-11-07T15:25:19.048,       0.02,       -0.01,        0.21,       0.21
2025-11-07T15:25:19.564,       0.01,       -0.03,        0.25,       0.25
2025-11-07T15:25:20.081,       0.00,        0.01,        0.16,       0.16
2025-11-07T15:25:20.600,       0.00,        0.00,        0.09,       0.09
2025-11-07T15:25:21.146,       0.02,       -0.02,        0.08,       0.09
2025-11-07T15:25:21.662,       0.03,        0.01,       -0.07,       0.08
2025-11-07T15:25:22.180,       0.02,        0.01,       -0.11,       0.11
2025-11-07T15:25:22.698,       0.01,       -0.00,       -0.08,       0.08
2025-11-07T15:25:23.214,      -0.00,        0.01,       -0.06,       0.06
2025-11-07T15:25:23.728,      -0.01,        0.00,       -0.10,       0.10
2025-11-07T15:25:24.292,       0.00,       -0.00,       -0.07,       0.07
2025-11-07T15:25:24.795,      -0.01,       -0.01,       -0.10,       0.10
2025-11-07T15:25:25.308,       0.02,       -0.00,       -0.04,       0.04
2025-11-07T15:25:25.826,       0.03,       -0.01,       -0.07,       0.08
2025-11-07T15:25:26.340,       0.03,       -0.01,       -0.16,       0.17
2025-11-07T15:25:26.860,       0.02,       -0.04,       -0.11,       0.12
2025-11-07T15:25:27.376,       0.00,       -0.02,       -0.10,       0.10
2025-11-07T15:25:27.889,       0.00,       -0.00,       -0.10,       0.10
2025-11-07T15:25:28.405,       0.00,        0.02,       -0.08,       0.08
2025-11-07T15:25:28.908,       0.01,        0.02,       -0.07,       0.07
2025-11-07T15:25:29.425,       0.00,        0.01,       -0.07,       0.07
2025-11-07T15:25:29.937,      -0.00,        0.00,       -0.07,       0.07
2025-11-07T15:25:30.453,       0.01,       -0.02,       -0.10,       0.11
2025-11-07T15:25:30.969,       0.01,       -0.01,       -0.08,       0.08
2025-11-07T15:25:31.488,      -0.01,        0.01,       -0.02,       0.03
2025-11-07T15:25:32.004,      -0.00,       -0.01,       -0.09,       0.10
2025-11-07T15:25:32.568,       0.00,       -0.01,       -0.09,       0.09
2025-11-07T15:25:33.083,       0.00,       -0.02,       -0.12,       0.12
2025-11-07T15:25:33.600,       0.00,        0.00,       -0.11,       0.11
2025-11-07T15:25:34.149,      -0.00,       -0.00,       -0.09,       0.09
2025-11-07T15:25:34.666,       0.00,       -0.01,       -0.11,       0.11
2025-11-07T15:25:35.180,      -0.00,       -0.01,       -0.08,       0.08
2025-11-07T15:25:35.700,       0.01,        0.00,       -0.11,       0.11
2025-11-07T15:25:36.217,      -0.01,       -0.01,       -0.08,       0.08
2025-11-07T15:25:36.730,      -0.00,       -0.14,       -0.05,       0.15
2025-11-07T15:25:37.245,      -0.00,       -0.20,       -0.08,       0.21
2025-11-07T15:25:37.748,       0.01,       -0.22,       -0.07,       0.23
2025-11-07T15:25:38.265,       0.01,       -0.32,       -0.05,       0.32
2025-11-07T15:25:38.777,      -0.01,       -0.41,       -0.03,       0.41
2025-11-07T15:25:39.293,       0.00,       -0.44,       -0.04,       0.44
2025-11-07T15:25:39.810,       0.00,       -0.48,       -0.02,       0.48
2025-11-07T15:25:40.328,      -0.01,       -0.58,        0.02,       0.58
2025-11-07T15:25:40.844,       0.00,       -0.58,       -0.02,       0.58
2025-11-07T15:25:41.362,       0.02,       -0.58,       -0.04,       0.58
2025-11-07T15:25:41.875,       0.01,       -0.71,       -0.03,       0.71
2025-11-07T15:25:42.376,       0.00,       -0.77,        0.00,       0.77
2025-11-07T15:25:42.892,       0.01,       -0.78,       -0.04,       0.78
2025-11-07T15:25:43.408,       0.01,       -0.85,       -0.04,       0.85
2025-11-07T15:25:43.921,       0.01,       -0.91,       -0.02,       0.91
2025-11-07T15:25:44.437,       0.03,       -0.99,       -0.05,       0.99
2025-11-07T15:25:44.954,       0.00,       -1.00,        0.02,       1.00
2025-11-07T15:25:45.472,      -0.02,       -0.97,        0.03,       0.97
2025-11-07T15:25:46.019,      -0.00,       -1.00,        0.02,       1.00
2025-11-07T15:25:46.538,       0.00,       -0.98,       -0.01,       0.98
2025-11-07T15:25:47.056,       0.02,       -0.98,       -0.01,       0.98
2025-11-07T15:25:47.571,       0.00,       -1.01,        0.02,       1.01
2025-11-07T15:25:48.084,      -0.01,       -0.97,        0.03,       0.97
2025-11-07T15:25:48.600,       0.00,       -1.00,       -0.01,       1.00
2025-11-07T15:25:49.115,      -0.00,       -0.99,        0.00,       0.99
2025-11-07T15:25:49.615,       0.00,       -0.98,        0.02,       0.98
2025-11-07T15:25:50.131,       0.02,       -1.01,       -0.03,       1.01
2025-11-07T15:25:50.648,      -0.01,       -1.00,       -0.00,       1.00
2025-11-07T15:25:51.163,       0.02,       -0.98,       -0.03,       0.98
2025-11-07T15:25:51.683,       0.02,       -1.00,       -0.02,       1.00
2025-11-07T15:25:52.200,       0.01,       -1.00,       -0.03,       1.00
2025-11-07T15:25:52.712,       0.02,       -0.98,       -0.00,       0.98
2025-11-07T15:25:53.228,       0.01,       -0.99,       -0.01,       0.99
2025-11-07T15:25:53.746,       0.01,       -1.00,       -0.09,       1.00
2025-11-07T15:25:54.263,       0.00,       -1.01,       -0.02,       1.01
2025-11-07T15:25:54.779,       0.01,       -1.00,       -0.03,       1.00
2025-11-07T15:25:55.295,       0.01,       -0.99,        0.02,       0.99
2025-11-07T15:25:55.858,       0.01,       -0.99,        0.00,       0.99
2025-11-07T15:25:56.361,       0.00,       -1.00,        0.01,       1.00
2025-11-07T15:25:56.874,      -0.00,       -1.01,       -0.02,       1.01
2025-11-07T15:25:57.391,       0.01,       -1.00,        0.02,       1.00
2025-11-07T15:25:57.906,      -0.01,       -0.99,       -0.03,       0.99
2025-11-07T15:25:58.409,       0.00,       -1.00,       -0.04,       1.00
2025-11-07T15:25:58.922,      -0.00,       -1.00,        0.00,       1.00
2025-11-07T15:25:59.439,       0.00,       -0.99,       -0.04,       0.99
2025-11-07T15:25:59.954,       0.01,       -0.91,       -0.09,       0.91
2025-11-07T15:26:00.473,       0.01,       -0.78,       -0.07,       0.78
2025-11-07T15:26:01.019,       0.00,       -0.71,       -0.06,       0.71
2025-11-07T15:26:01.536,      -0.00,       -0.66,       -0.13,       0.67
2025-11-07T15:26:02.054,       0.04,       -0.44,       -0.19,       0.48
2025-11-07T15:26:02.571,       0.00,       -0.49,       -0.09,       0.50
2025-11-07T15:26:03.136,      -0.01,       -0.51,       -0.13,       0.52
2025-11-07T15:26:03.634,       0.01,       -0.37,       -0.14,       0.40
2025-11-07T15:26:04.153,      -0.01,       -0.33,       -0.05,       0.33
2025-11-07T15:26:04.668,      -0.03,       -0.28,       -0.13,       0.31
2025-11-07T15:26:05.183,      -0.02,       -0.17,       -0.12,       0.21
2025-11-07T15:26:05.735,      -0.01,       -0.13,       -0.10,       0.17
2025-11-07T15:26:06.249,      -0.02,       -0.03,       -0.13,       0.14
2025-11-07T15:26:06.763,       0.01,        0.07,       -0.14,       0.16
2025-11-07T15:26:07.280,      -0.01,        0.06,       -0.12,       0.14
2025-11-07T15:26:07.795,      -0.01,        0.00,       -0.14,       0.14
2025-11-07T15:26:08.297,      -0.01,        0.00,       -0.11,       0.11
2025-11-07T15:26:08.811,      -0.01,       -0.00,       -0.10,       0.10
2025-11-07T15:26:09.328,      -0.01,        0.01,       -0.09,       0.09
2025-11-07T15:26:09.843,       0.01,        0.01,       -0.11,       0.11
2025-11-07T15:26:10.362,      -0.00,       -0.01,       -0.10,       0.10
2025-11-07T15:26:10.879,      -0.01,        0.02,       -0.08,       0.08
2025-11-07T15:26:11.441,       0.00,       -0.00,       -0.12,       0.12
2025-11-07T15:26:11.943,       0.00,        0.01,       -0.10,       0.10
2025-11-07T15:26:12.459,       0.00,        0.00,       -0.12,       0.12
2025-11-07T15:26:12.976,      -0.02,       -0.01,       -0.11,       0.11
2025-11-07T15:26:13.526,      -0.00,        0.00,       -0.11,       0.11
2025-11-07T15:26:14.042,       0.00,        0.01,       -0.12,       0.12
2025-11-07T15:26:14.555,      -0.00,        0.00,       -0.12,       0.12
2025-11-07T15:26:15.123,       0.00,       -0.01,       -0.11,       0.11
2025-11-07T15:26:15.625,       0.01,       -0.01,       -0.10,       0.10
2025-11-07T15:26:16.137,       0.00,        0.00,       -0.07,       0.07
2025-11-07T15:26:16.652,      -0.01,        0.01,       -0.08,       0.08
2025-11-07T15:26:17.154,       0.00,       -0.01,       -0.14,       0.14
2025-11-07T15:26:17.671,      -0.01,        0.02,       -0.11,       0.11
2025-11-07T15:26:18.184,       0.00,        0.18,       -0.11,       0.21
2025-11-07T15:26:18.700,      -0.01,        0.24,       -0.10,       0.26
2025-11-07T15:26:19.217,      -0.00,        0.34,       -0.08,       0.35
2025-11-07T15:26:19.719,      -0.00,        0.47,       -0.17,       0.49
2025-11-07T15:26:20.232,      -0.01,        0.50,       -0.05,       0.50
2025-11-07T15:26:20.748,      -0.01,        0.54,       -0.07,       0.54
2025-11-07T15:26:21.265,      -0.00,        0.58,       -0.08,       0.59
2025-11-07T15:26:21.767,       0.01,        0.73,       -0.07,       0.73
2025-11-07T15:26:22.280,      -0.03,        0.74,       -0.03,       0.74
2025-11-07T15:26:22.796,      -0.01,        0.86,       -0.04,       0.86
2025-11-07T15:26:23.313,       0.01,        0.95,       -0.03,       0.95
2025-11-07T15:26:23.816,       0.02,        1.06,       -0.02,       1.06
2025-11-07T15:26:24.328,      -0.00,        1.05,       -0.01,       1.05
2025-11-07T15:26:24.843,       0.01,        1.01,       -0.02,       1.01
2025-11-07T15:26:25.360,      -0.00,        1.04,       -0.02,       1.04
2025-11-07T15:26:25.862,      -0.00,        1.01,       -0.03,       1.01
2025-11-07T15:26:26.375,       0.01,        1.02,       -0.02,       1.02
2025-11-07T15:26:26.891,      -0.01,        1.03,       -0.04,       1.04
2025-11-07T15:26:27.408,      -0.00,        1.03,       -0.04,       1.03
2025-11-07T15:26:27.911,      -0.00,        1.00,       -0.05,       1.01
2025-11-07T15:26:28.423,      -0.00,        1.01,       -0.06,       1.01
2025-11-07T15:26:28.939,       0.00,        1.02,       -0.07,       1.02
2025-11-07T15:26:29.442,       0.01,        1.03,       -0.05,       1.03
2025-11-07T15:26:29.959,      -0.00,        1.04,       -0.03,       1.04
2025-11-07T15:26:30.471,      -0.00,        1.04,       -0.01,       1.04
2025-11-07T15:26:30.987,      -0.01,        1.02,       -0.01,       1.02
2025-11-07T15:26:31.504,      -0.00,        1.03,       -0.05,       1.03
2025-11-07T15:26:32.007,       0.01,        1.03,       -0.04,       1.03
2025-11-07T15:26:32.519,       0.01,        1.03,       -0.02,       1.03
2025-11-07T15:26:33.034,      -0.00,        1.03,       -0.04,       1.03
2025-11-07T15:26:33.551,       0.01,        1.01,       -0.04,       1.01
2025-11-07T15:26:34.070,       0.01,        1.02,       -0.02,       1.02
2025-11-07T15:26:34.585,       0.01,        1.05,       -0.01,       1.05
2025-11-07T15:26:35.100,      -0.03,        0.85,       -0.08,       0.86
2025-11-07T15:26:35.615,      -0.02,        0.75,       -0.06,       0.75
2025-11-07T15:26:36.131,       0.00,        0.74,       -0.04,       0.74
2025-11-07T15:26:36.651,       0.00,        0.69,       -0.10,       0.70
2025-11-07T15:26:37.167,      -0.00,        0.59,       -0.07,       0.60
2025-11-07T15:26:37.680,       0.00,        0.55,       -0.05,       0.55
2025-11-07T15:26:38.182,      -0.01,        0.53,       -0.08,       0.54
2025-11-07T15:26:38.699,      -0.03,        0.44,       -0.05,       0.45
2025-11-07T15:26:39.214,      -0.02,        0.31,       -0.07,       0.32
2025-11-07T15:26:39.777,      -0.02,        0.27,       -0.09,       0.28
2025-11-07T15:26:40.280,      -0.03,        0.20,       -0.09,       0.22
2025-11-07T15:26:40.796,      -0.02,        0.15,       -0.09,       0.18
2025-11-07T15:26:41.309,      -0.01,        0.10,       -0.06,       0.11
2025-11-07T15:26:41.825,      -0.01,        0.03,       -0.06,       0.06
2025-11-07T15:26:42.342,      -0.02,        0.04,       -0.03,       0.05
2025-11-07T15:26:42.844,       0.01,       -0.01,       -0.06,       0.06
2025-11-07T15:26:43.357,      -0.02,       -0.01,       -0.08,       0.08
2025-11-07T15:26:43.873,       0.00,       -0.02,       -0.06,       0.06
2025-11-07T15:26:44.390,      -0.01,       -0.02,       -0.04,       0.05
2025-11-07T15:26:44.909,      -0.02,       -0.00,       -0.05,       0.05
2025-11-07T15:26:45.424,      -0.00,        0.01,       -0.04,       0.04
2025-11-07T15:26:45.957,      -0.00,        0.01,       -0.09,       0.09
2025-11-07T15:26:46.473,       0.01,       -0.03,       -0.11,       0.12
2025-11-07T15:26:46.987,      -0.00,        0.00,       -0.10,       0.10
2025-11-07T15:26:47.502,       0.00,        0.00,       -0.09,       0.09
2025-11-07T15:26:48.004,      -0.00,       -0.01,       -0.09,       0.09
2025-11-07T15:26:48.521,      -0.01,       -0.01,       -0.09,       0.10
2025-11-07T15:26:49.035,      -0.00,        0.00,       -0.11,       0.11
2025-11-07T15:26:49.550,      -0.01,        0.00,       -0.06,       0.06
2025-11-07T15:26:50.066,       0.00,        0.02,       -0.04,       0.05
2025-11-07T15:26:50.586,      -0.01,        0.02,       -0.09,       0.09
2025-11-07T15:26:51.101,      -0.00,       -0.00,       -0.07,       0.07
2025-11-07T15:26:51.664,      -0.00,       -0.01,       -0.10,       0.10
2025-11-07T15:26:52.166,      -0.02,       -0.01,       -0.12,       0.12
2025-11-07T15:26:52.683,      -0.02,        0.01,       -0.10,       0.10
2025-11-07T15:26:53.196,       0.01,       -0.03,       -0.10,       0.11
2025-11-07T15:26:53.712,      -0.00,       -0.01,       -0.10,       0.10
2025-11-07T15:26:54.229,      -0.02,       -0.01,       -0.09,       0.09
2025-11-07T15:26:54.748,       0.00,        0.00,       -0.08,       0.08
2025-11-07T15:26:55.263,      -0.01,        0.01,       -0.07,       0.07
2025-11-07T15:26:55.810,       0.00,        0.01,       -0.10,       0.10
2025-11-07T15:26:56.327,      -0.01,       -0.01,       -0.11,       0.11
2025-11-07T15:26:56.846,      -0.00,        0.01,       -0.10,       0.10
2025-11-07T15:26:57.360,      -0.00,       -0.00,       -0.11,       0.11
2025-11-07T15:26:57.875,      -0.00,        0.01,       -0.11,       0.11
2025-11-07T15:26:58.390,      -0.01,       -0.02,       -0.12,       0.12
2025-11-07T15:26:58.907,       0.00,        0.03,       -0.04,       0.05
2025-11-07T15:26:59.426,       0.01,       -0.01,       -0.10,       0.11
2025-11-07T15:26:59.989,       0.01,        0.04,       -0.10,       0.11
2025-11-07T15:27:00.554,       0.02,        0.19,       -0.10,       0.22
2025-11-07T15:27:01.072,       0.01,        0.22,       -0.09,       0.23
2025-11-07T15:27:01.590,       0.02,        0.35,       -0.11,       0.37
2025-11-07T15:27:02.105,       0.02,        0.44,       -0.10,       0.45
2025-11-07T15:27:02.656,       0.00,        0.50,       -0.05,       0.51
2025-11-07T15:27:03.172,      -0.00,        0.54,       -0.03,       0.54
2025-11-07T15:27:03.687,       0.00,        0.57,       -0.08,       0.57
2025-11-07T15:27:04.201,       0.00,        0.70,       -0.08,       0.70
2025-11-07T15:27:04.718,      -0.01,        0.77,       -0.07,       0.77
2025-11-07T15:27:05.233,       0.01,        0.92,       -0.09,       0.93
2025-11-07T15:27:05.752,       0.00,        0.93,       -0.03,       0.93
2025-11-07T15:27:06.318,      -0.00,        1.03,       -0.06,       1.03
2025-11-07T15:27:06.831,       0.00,        1.09,       -0.10,       1.09
2025-11-07T15:27:07.334,       0.00,        1.05,       -0.04,       1.05
2025-11-07T15:27:07.849,      -0.00,        1.04,       -0.05,       1.04
2025-11-07T15:27:08.382,      -0.00,        1.05,       -0.04,       1.05
2025-11-07T15:27:08.929,      -0.00,        1.02,       -0.07,       1.03
2025-11-07T15:27:09.448,       0.01,        1.05,       -0.04,       1.05
2025-11-07T15:27:09.965,       0.00,        1.07,       -0.03,       1.07
2025-11-07T15:27:10.480,      -0.01,        1.03,       -0.02,       1.03
2025-11-07T15:27:10.994,      -0.00,        1.04,       -0.03,       1.04
2025-11-07T15:27:11.510,      -0.00,        1.05,       -0.04,       1.05
2025-11-07T15:27:12.025,      -0.00,        1.04,       -0.04,       1.04
2025-11-07T15:27:12.545,      -0.01,        1.03,       -0.06,       1.03
2025-11-07T15:27:13.061,      -0.00,        1.03,       -0.05,       1.03
2025-11-07T15:27:13.574,      -0.00,        1.04,       -0.03,       1.04
2025-11-07T15:27:14.090,       0.01,        1.04,        0.02,       1.04
2025-11-07T15:27:14.607,       0.00,        1.05,        0.00,       1.05
2025-11-07T15:27:15.110,      -0.01,        1.03,       -0.03,       1.03
2025-11-07T15:27:15.622,      -0.01,        1.03,       -0.04,       1.03
2025-11-07T15:27:16.138,      -0.01,        1.08,       -0.03,       1.08
2025-11-07T15:27:16.655,       0.00,        1.05,       -0.04,       1.05
2025-11-07T15:27:17.173,       0.01,        1.05,       -0.09,       1.06
2025-11-07T15:27:17.690,      -0.01,        1.04,       -0.08,       1.04
2025-11-07T15:27:18.206,       0.01,        1.06,       -0.02,       1.06
2025-11-07T15:27:18.718,      -0.01,        1.06,       -0.01,       1.07
2025-11-07T15:27:19.234,      -0.00,        1.05,       -0.02,       1.05
2025-11-07T15:27:19.751,      -0.02,        0.99,       -0.04,       0.99
2025-11-07T15:27:20.253,      -0.02,        0.79,       -0.06,       0.79
2025-11-07T15:27:20.766,      -0.01,        0.75,       -0.04,       0.75
2025-11-07T15:27:21.282,      -0.02,        0.67,       -0.04,       0.67
2025-11-07T15:27:21.799,      -0.00,        0.55,        0.01,       0.55
2025-11-07T15:27:22.317,      -0.01,        0.51,       -0.04,       0.51
2025-11-07T15:27:22.833,      -0.02,        0.52,       -0.04,       0.52
2025-11-07T15:27:23.348,       0.00,        0.52,       -0.03,       0.52
2025-11-07T15:27:23.863,      -0.00,        0.53,       -0.09,       0.54
2025-11-07T15:27:24.379,       0.00,        0.53,       -0.12,       0.54
2025-11-07T15:27:24.899,      -0.00,        0.55,       -0.03,       0.56
2025-11-07T15:27:25.413,       0.00,        0.53,       -0.02,       0.53
2025-11-07T15:27:25.927,      -0.00,        0.51,       -0.04,       0.52
2025-11-07T15:27:26.444,       0.00,        0.52,       -0.06,       0.53
2025-11-07T15:27:26.959,       0.01,        0.71,       -0.05,       0.71
2025-11-07T15:27:27.478,      -0.00,        0.75,       -0.02,       0.75
2025-11-07T15:27:27.995,      -0.01,        0.82,       -0.08,       0.82
2025-11-07T15:27:28.510,      -0.01,        0.94,       -0.07,       0.94
2025-11-07T15:27:29.024,      -0.02,        0.98,       -0.06,       0.98
2025-11-07T15:27:29.541,       0.01,        1.04,       -0.02,       1.04
2025-11-07T15:27:30.056,       0.00,        1.05,       -0.00,       1.05
2025-11-07T15:27:30.575,      -0.01,        1.05,        0.01,       1.05
2025-11-07T15:27:31.121,       0.00,        1.04,        0.02,       1.04
2025-11-07T15:27:31.638,       0.01,        1.06,        0.01,       1.06
2025-11-07T15:27:32.156,      -0.00,        1.04,       -0.02,       1.04
2025-11-07T15:27:32.672,       0.01,        1.12,       -0.06,       1.12
2025-11-07T15:27:33.206,       0.01,        1.25,       -0.03,       1.25
2025-11-07T15:27:33.769,      -0.01,        1.35,       -0.02,       1.35
2025-11-07T15:27:34.272,      -0.01,        1.46,       -0.04,       1.46
2025-11-07T15:27:34.788,      -0.01,        1.51,       -0.06,       1.51
2025-11-07T15:27:35.303,       0.00,        1.51,       -0.03,       1.51
2025-11-07T15:27:35.817,       0.01,        1.56,       -0.04,       1.56
2025-11-07T15:27:36.333,      -0.02,        1.55,       -0.06,       1.56
2025-11-07T15:27:36.848,       0.01,        1.65,       -0.12,       1.66
2025-11-07T15:27:37.367,      -0.02,        1.75,       -0.05,       1.75
2025-11-07T15:27:37.884,      -0.01,        1.86,       -0.06,       1.86
2025-11-07T15:27:38.397,       0.00,        1.94,       -0.02,       1.94
2025-11-07T15:27:38.913,      -0.00,        2.01,       -0.02,       2.01
2025-11-07T15:27:39.430,       0.01,        2.05,       -0.05,       2.05
2025-11-07T15:27:39.948,      -0.00,        2.08,       -0.08,       2.08
2025-11-07T15:27:40.464,      -0.01,        2.04,       -0.02,       2.04
2025-11-07T15:27:41.011,       0.01,        2.04,        0.01,       2.04
2025-11-07T15:27:41.528,      -0.01,        2.05,        0.01,       2.05
2025-11-07T15:27:42.045,       0.00,        2.05,       -0.04,       2.05
2025-11-07T15:27:42.559,       0.00,        2.07,        0.01,       2.07
2025-11-07T15:27:43.076,       0.00,        2.03,       -0.03,       2.03
2025-11-07T15:27:43.591,       0.00,        2.05,        0.01,       2.05
2025-11-07T15:27:44.110,      -0.01,        2.05,       -0.01,       2.05
2025-11-07T15:27:44.627,      -0.00,        2.06,       -0.00,       2.06
2025-11-07T15:27:45.190,      -0.02,        2.05,       -0.04,       2.05
2025-11-07T15:27:45.756,      -0.01,        2.06,       -0.00,       2.06
2025-11-07T15:27:46.258,      -0.00,        2.03,       -0.07,       2.04
2025-11-07T15:27:46.774,      -0.01,        2.04,       -0.05,       2.04
2025-11-07T15:27:47.287,      -0.01,        2.05,       -0.03,       2.05
2025-11-07T15:27:47.803,       0.00,        2.04,       -0.01,       2.04
2025-11-07T15:27:48.320,      -0.01,        2.06,        0.03,       2.06
2025-11-07T15:27:48.838,      -0.02,        2.05,       -0.04,       2.05
2025-11-07T15:27:49.354,       0.01,        2.04,       -0.07,       2.04
2025-11-07T15:27:49.869,       0.00,        2.04,       -0.06,       2.04
2025-11-07T15:27:50.384,       0.00,        2.06,       -0.04,       2.06
2025-11-07T15:27:50.900,      -0.01,        2.05,       -0.01,       2.05
2025-11-07T15:27:51.420,      -0.02,        2.03,       -0.03,       2.03
2025-11-07T15:27:51.935,      -0.02,        1.91,       -0.07,       1.91
2025-11-07T15:27:52.449,      -0.01,        1.84,       -0.05,       1.84
2025-11-07T15:27:52.964,      -0.01,        1.85,       -0.03,       1.85
2025-11-07T15:27:53.480,      -0.03,        1.73,       -0.07,       1.73
2025-11-07T15:27:53.999,      -0.00,        1.71,       -0.04,       1.71
2025-11-07T15:27:54.516,      -0.02,        1.71,       -0.01,       1.71
2025-11-07T15:27:55.029,      -0.02,        1.58,       -0.04,       1.59
2025-11-07T15:27:55.545,       0.01,        1.53,       -0.07,       1.53
2025-11-07T15:27:56.047,      -0.00,        1.50,       -0.04,       1.50
2025-11-07T15:27:56.564,      -0.02,        1.40,       -0.01,       1.40
2025-11-07T15:27:57.077,      -0.03,        1.36,       -0.01,       1.36
2025-11-07T15:27:57.593,      -0.04,        1.18,       -0.07,       1.18
2025-11-07T15:27:58.110,      -0.03,        1.14,       -0.02,       1.14
2025-11-07T15:27:58.628,      -0.05,        1.07,       -0.06,       1.07
2025-11-07T15:27:59.144,      -0.02,        1.06,       -0.04,       1.06
2025-11-07T15:27:59.661,      -0.01,        1.04,       -0.05,       1.04
2025-11-07T15:28:00.173,      -0.04,        0.97,       -0.03,       0.97
2025-11-07T15:28:00.689,      -0.03,        0.86,       -0.05,       0.86
2025-11-07T15:28:01.192,      -0.01,        0.79,       -0.05,       0.79
2025-11-07T15:28:01.708,      -0.02,        0.69,       -0.05,       0.70
2025-11-07T15:28:02.221,      -0.02,        0.64,       -0.03,       0.64
2025-11-07T15:28:02.736,      -0.03,        0.55,       -0.01,       0.55
2025-11-07T15:28:03.253,       0.00,        0.51,       -0.02,       0.51
2025-11-07T15:28:03.772,      -0.00,        0.47,       -0.06,       0.48
2025-11-07T15:28:04.288,      -0.03,        0.37,       -0.02,       0.37
2025-11-07T15:28:04.803,      -0.02,        0.25,       -0.09,       0.27
2025-11-07T15:28:05.355,      -0.02,        0.21,       -0.05,       0.21
2025-11-07T15:28:05.870,      -0.01,        0.09,       -0.12,       0.16
2025-11-07T15:28:06.383,      -0.02,        0.07,       -0.07,       0.10
2025-11-07T15:28:06.900,      -0.02,        0.03,       -0.07,       0.08
2025-11-07T15:28:07.402,      -0.02,        0.00,       -0.05,       0.06
2025-11-07T15:28:07.917,      -0.00,       -0.01,       -0.02,       0.02
2025-11-07T15:28:08.431,      -0.01,       -0.02,       -0.05,       0.05
2025-11-07T15:28:08.948,      -0.01,       -0.01,       -0.07,       0.07
2025-11-07T15:28:09.463,       0.01,       -0.03,       -0.12,       0.12
2025-11-07T15:28:09.965,      -0.00,       -0.00,       -0.07,       0.07
2025-11-07T15:28:10.479,      -0.00,        0.01,       -0.04,       0.04
2025-11-07T15:28:10.995,       0.01,       -0.00,       -0.11,       0.11
2025-11-07T15:28:11.511,      -0.00,        0.00,       -0.10,       0.10
2025-11-07T15:28:12.030,      -0.02,       -0.01,       -0.08,       0.08
2025-11-07T15:28:12.547,      -0.01,       -0.01,       -0.09,       0.09
2025-11-07T15:28:13.092,       0.00,       -0.01,       -0.09,       0.09
2025-11-07T15:28:13.611,       0.00,        0.00,       -0.07,       0.07
2025-11-07T15:28:14.127,       0.00,        0.02,       -0.07,       0.08
2025-11-07T15:28:14.644,      -0.01,       -0.02,       -0.06,       0.07
2025-11-07T15:28:15.157,      -0.01,       -0.01,       -0.12,       0.13
2025-11-07T15:28:15.659,      -0.02,        0.03,       -0.06,       0.07
2025-11-07T15:28:16.175,       0.00,       -0.01,       -0.06,       0.06
2025-11-07T15:28:16.690,      -0.00,       -0.02,       -0.10,       0.11
2025-11-07T15:28:17.205,      -0.01,       -0.01,       -0.08,       0.08
2025-11-07T15:28:17.739,      -0.01,       -0.00,       -0.09,       0.10
2025-11-07T15:28:18.303,      -0.00,        0.00,       -0.06,       0.06
2025-11-07T15:28:18.822,      -0.00,        0.02,       -0.13,       0.13
2025-11-07T15:28:19.389,       0.00,        0.01,       -0.11,       0.11
2025-11-07T15:28:19.902,      -0.01,        0.00,       -0.07,       0.07
2025-11-07T15:28:20.404,       0.00,       -0.02,       -0.13,       0.13
2025-11-07T15:28:20.920,      -0.01,       -0.01,       -0.08,       0.08
2025-11-07T15:28:21.437,      -0.01,       -0.01,       -0.03,       0.03
2025-11-07T15:28:21.950,      -0.00,        0.01,       -0.03,       0.03
2025-11-07T15:28:22.466,      -0.01,       -0.00,       -0.05,       0.05
2025-11-07T15:28:22.983,      -0.01,        0.00,       -0.06,       0.07
2025-11-07T15:28:23.500,      -0.02,       -0.01,       -0.05,       0.05
2025-11-07T15:28:24.016,      -0.01,       -0.02,       -0.04,       0.04
2025-11-07T15:28:24.531,      -0.00,       -0.01,       -0.05,       0.05
2025-11-07T15:28:25.046,      -0.01,        0.01,       -0.03,       0.03
2025-11-07T15:28:25.548,       0.00,       -0.01,       -0.02,       0.02
2025-11-07T15:28:26.062,      -0.01,       -0.02,       -0.02,       0.03
2025-11-07T15:28:26.579,       0.00,        0.00,       -0.05,       0.05
2025-11-07T15:28:27.094,      -0.02,       -0.01,       -0.03,       0.03
2025-11-07T15:28:27.613,       0.00,       -0.02,       -0.06,       0.06
2025-11-07T15:28:28.130,       0.00,       -0.00,       -0.05,       0.05
2025-11-07T15:28:28.645,       0.00,       -0.01,       -0.06,       0.06
2025-11-07T15:28:29.158,      -0.01,        0.01,       -0.00,       0.01
2025-11-07T15:28:29.675,      -0.01,        0.00,       -0.04,       0.04
2025-11-07T15:28:30.178,      -0.01,       -0.01,       -0.06,       0.06
2025-11-07T15:28:30.693,      -0.01,       -0.04,       -0.05,       0.06
2025-11-07T15:28:31.206,      -0.01,        0.01,       -0.05,       0.05
2025-11-07T15:28:31.723,       0.00,       -0.01,       -0.07,       0.07
2025-11-07T15:28:32.238,      -0.03,       -0.02,       -0.01,       0.04
2025-11-07T15:28:32.740,      -0.10,       -0.02,       -0.03,       0.11
2025-11-07T15:28:33.253,      -0.14,       -0.00,       -0.04,       0.15
2025-11-07T15:28:33.771,      -0.21,        0.01,       -0.03,       0.21
2025-11-07T15:28:34.286,      -0.31,       -0.01,       -0.03,       0.31
2025-11-07T15:28:34.805,      -0.34,        0.00,       -0.01,       0.34
2025-11-07T15:28:35.351,      -0.41,        0.02,        0.01,       0.41
2025-11-07T15:28:35.885,      -0.43,        0.01,        0.06,       0.43
2025-11-07T15:28:36.387,      -0.43,       -0.01,        0.04,       0.43
2025-11-07T15:28:36.903,      -0.44,       -0.01,        0.05,       0.45
2025-11-07T15:28:37.419,      -0.42,       -0.01,       -0.01,       0.42
2025-11-07T15:28:37.932,      -0.48,        0.00,        0.02,       0.48
2025-11-07T15:28:38.448,      -0.49,        0.01,       -0.01,       0.49
2025-11-07T15:28:38.964,      -0.51,        0.01,        0.05,       0.51
2025-11-07T15:28:39.483,      -0.59,        0.00,        0.07,       0.59
2025-11-07T15:28:40.030,      -0.62,        0.01,        0.10,       0.62
2025-11-07T15:28:40.549,      -0.71,        0.00,        0.09,       0.72
2025-11-07T15:28:41.066,      -0.79,        0.04,        0.15,       0.80
2025-11-07T15:28:41.579,      -0.86,        0.00,        0.12,       0.87
2025-11-07T15:28:42.095,      -0.95,        0.00,        0.12,       0.95
2025-11-07T15:28:42.597,      -0.99,        0.02,        0.14,       1.00
2025-11-07T15:28:43.113,      -1.01,        0.02,        0.11,       1.01
2025-11-07T15:28:43.626,      -1.06,        0.04,        0.14,       1.07
2025-11-07T15:28:44.141,      -1.13,        0.04,        0.14,       1.14
2025-11-07T15:28:44.659,      -1.22,        0.03,        0.13,       1.23
2025-11-07T15:28:45.161,      -1.30,        0.04,        0.13,       1.30
2025-11-07T15:28:45.674,      -1.38,        0.05,        0.11,       1.38
2025-11-07T15:28:46.190,      -1.48,        0.03,        0.06,       1.48
2025-11-07T15:28:46.706,      -1.50,        0.01,        0.06,       1.50
2025-11-07T15:28:47.225,      -1.52,        0.02,        0.02,       1.52
2025-11-07T15:28:47.741,      -1.55,        0.01,        0.02,       1.56
2025-11-07T15:28:48.258,      -1.63,       -0.01,       -0.00,       1.63
2025-11-07T15:28:48.820,      -1.71,        0.00,        0.01,       1.71
2025-11-07T15:28:49.323,      -1.78,        0.03,        0.03,       1.78
2025-11-07T15:28:49.838,      -1.87,        0.04,        0.05,       1.87
2025-11-07T15:28:50.353,      -1.92,        0.02,        0.08,       1.92
2025-11-07T15:28:50.868,      -1.99,        0.01,        0.06,       1.99
2025-11-07T15:28:51.383,      -2.00,       -0.01,        0.02,       2.00
2025-11-07T15:28:51.904,      -2.00,       -0.00,        0.10,       2.00
2025-11-07T15:28:52.451,      -1.99,        0.02,        0.07,       1.99
2025-11-07T15:28:52.965,      -1.99,        0.02,        0.06,       1.99
2025-11-07T15:28:53.485,      -1.99,        0.01,        0.07,       1.99
2025-11-07T15:28:54.002,      -1.99,        0.02,        0.06,       1.99
2025-11-07T15:28:54.515,      -2.00,       -0.00,        0.06,       2.00
2025-11-07T15:28:55.031,      -2.00,        0.01,        0.07,       2.00
2025-11-07T15:28:55.546,      -2.00,        0.01,        0.07,       2.00
2025-11-07T15:28:56.065,      -1.99,        0.01,        0.05,       1.99
2025-11-07T15:28:56.611,      -2.00,        0.02,        0.06,       2.00
2025-11-07T15:28:57.128,      -2.00,        0.01,        0.09,       2.00
2025-11-07T15:28:57.645,      -2.00,        0.01,        0.09,       2.01
2025-11-07T15:28:58.163,      -2.01,       -0.01,        0.06,       2.01
2025-11-07T15:28:58.679,      -1.95,        0.01,        0.07,       1.95
2025-11-07T15:28:59.194,      -1.88,        0.02,        0.04,       1.88
2025-11-07T15:28:59.709,      -1.84,        0.00,        0.05,       1.84
2025-11-07T15:29:00.225,      -1.75,        0.02,        0.05,       1.75
2025-11-07T15:29:00.744,      -1.72,        0.01,        0.05,       1.72
2025-11-07T15:29:01.290,      -1.64,       -0.00,        0.03,       1.64
2025-11-07T15:29:01.806,      -1.57,        0.02,        0.07,       1.57
2025-11-07T15:29:02.325,      -1.52,        0.04,        0.09,       1.52
2025-11-07T15:29:02.842,      -1.45,        0.02,        0.08,       1.45
2025-11-07T15:29:03.354,      -1.39,        0.02,        0.14,       1.40
2025-11-07T15:29:03.870,      -1.30,        0.01,        0.16,       1.31
2025-11-07T15:29:04.373,      -1.23,        0.03,        0.18,       1.25
2025-11-07T15:29:04.890,      -1.15,        0.03,        0.13,       1.15
2025-11-07T15:29:05.402,      -1.06,        0.03,        0.18,       1.07
2025-11-07T15:29:05.918,      -1.03,        0.04,        0.14,       1.04
2025-11-07T15:29:06.435,      -1.01,        0.04,        0.15,       1.03
2025-11-07T15:29:06.938,      -1.00,        0.03,        0.16,       1.01
2025-11-07T15:29:07.449,      -0.92,        0.02,        0.12,       0.93
2025-11-07T15:29:07.965,      -0.88,        0.02,        0.13,       0.89
2025-11-07T15:29:08.482,      -0.77,        0.03,        0.13,       0.78
2025-11-07T15:29:08.985,      -0.71,       -0.00,        0.06,       0.71
2025-11-07T15:29:09.498,      -0.62,        0.03,        0.11,       0.63
2025-11-07T15:29:10.014,      -0.58,        0.01,        0.05,       0.58
2025-11-07T15:29:10.530,      -0.48,       -0.00,        0.07,       0.49
2025-11-07T15:29:11.049,      -0.49,        0.01,        0.02,       0.49
2025-11-07T15:29:11.596,      -0.45,        0.01,        0.09,       0.46
2025-11-07T15:29:12.112,      -0.35,        0.00,        0.05,       0.35
2025-11-07T15:29:12.632,      -0.29,       -0.01,        0.03,       0.29
2025-11-07T15:29:13.193,      -0.19,       -0.00,        0.01,       0.19
2025-11-07T15:29:13.709,      -0.08,       -0.01,       -0.02,       0.09
2025-11-07T15:29:14.212,      -0.04,        0.01,        0.02,       0.05
2025-11-07T15:29:14.729,       0.03,        0.01,       -0.05,       0.06
2025-11-07T15:29:15.241,       0.01,        0.01,       -0.01,       0.02
2025-11-07T15:29:15.757,       0.01,       -0.00,       -0.02,       0.02
2025-11-07T15:29:16.274,       0.00,       -0.02,       -0.01,       0.02
2025-11-07T15:29:16.777,       0.01,        0.01,       -0.06,       0.06
2025-11-07T15:29:17.290,      -0.00,       -0.02,       -0.03,       0.04
2025-11-07T15:29:17.806,       0.01,       -0.00,       -0.05,       0.05
2025-11-07T15:29:18.322,       0.01,       -0.02,       -0.02,       0.03
2025-11-07T15:29:18.825,       0.01,        0.00,       -0.02,       0.02
2025-11-07T15:29:19.338,       0.01,       -0.01,       -0.04,       0.04
2025-11-07T15:29:19.853,       0.00,        0.00,       -0.03,       0.03
2025-11-07T15:29:20.369,       0.00,        0.02,        0.02,       0.03
2025-11-07T15:29:20.872,      -0.01,        0.01,        0.01,       0.02
2025-11-07T15:29:21.385,       0.01,       -0.01,       -0.01,       0.02
2025-11-07T15:29:21.900,       0.01,       -0.00,       -0.04,       0.04
2025-11-07T15:29:22.417,       0.01,       -0.01,       -0.03,       0.03
2025-11-07T15:29:22.936,       0.02,       -0.01,       -0.05,       0.05
2025-11-07T15:29:23.499,      -0.00,        0.01,       -0.00,       0.01
2025-11-07T15:29:24.052,      -0.00,        0.02,       -0.01,       0.02
2025-11-07T15:29:24.569,       0.00,        0.01,        0.02,       0.02
2025-11-07T15:29:25.080,       0.02,        0.02,       -0.02,       0.03
2025-11-07T15:29:25.596,      -0.00,        0.00,       -0.04,       0.04
2025-11-07T15:29:26.113,      -0.00,        0.01,       -0.04,       0.04
2025-11-07T15:29:26.616,       0.00,        0.00,       -0.03,       0.03
2025-11-07T15:29:27.129,      -0.01,        0.01,       -0.01,       0.02
2025-11-07T15:29:27.644,       0.01,       -0.02,       -0.02,       0.03
2025-11-07T15:29:28.161,       0.00,       -0.01,       -0.00,       0.01
2025-11-07T15:29:28.664,      -0.00,        0.01,       -0.00,       0.01
2025-11-07T15:29:29.176,      -0.00,        0.01,       -0.06,       0.06
2025-11-07T15:29:29.693,      -0.00,        0.01,       -0.00,       0.01
2025-11-07T15:29:30.209,       0.00,        0.01,       -0.02,       0.02
2025-11-07T15:29:30.728,      -0.01,        0.00,       -0.01,       0.01
2025-11-07T15:29:31.243,       0.01,        0.01,        0.01,       0.02
2025-11-07T15:29:31.761,       0.01,       -0.00,       -0.04,       0.04
2025-11-07T15:29:32.306,       0.01,       -0.01,       -0.07,       0.07
2025-11-07T15:29:32.825,       0.01,        0.02,       -0.02,       0.03
2025-11-07T15:29:33.341,       0.00,       -0.01,       -0.02,       0.02
2025-11-07T15:29:33.890,       0.00,       -0.01,       -0.18,       0.18
2025-11-07T15:29:34.408,       0.01,        0.01,       -0.19,       0.19
2025-11-07T15:29:34.923,       0.00,        0.00,       -0.28,       0.28
2025-11-07T15:29:35.436,       0.01,       -0.01,       -0.33,       0.33
2025-11-07T15:29:35.953,      -0.01,       -0.00,       -0.38,       0.38
2025-11-07T15:29:36.469,       0.00,       -0.03,       -0.46,       0.46
2025-11-07T15:29:36.971,      -0.01,       -0.02,       -0.50,       0.50
2025-11-07T15:29:37.484,       0.00,       -0.01,       -0.54,       0.54
2025-11-07T15:29:38.000,       0.00,       -0.00,       -0.68,       0.68
2025-11-07T15:29:38.515,       0.01,       -0.00,       -0.72,       0.72
2025-11-07T15:29:39.035,       0.01,        0.01,       -0.82,       0.82
2025-11-07T15:29:39.552,       0.01,        0.00,       -0.80,       0.80
2025-11-07T15:29:40.064,      -0.01,       -0.02,       -0.87,       0.87
2025-11-07T15:29:40.566,      -0.00,       -0.02,       -0.94,       0.94
2025-11-07T15:29:41.083,       0.00,       -0.01,       -0.97,       0.97
2025-11-07T15:29:41.599,      -0.01,        0.00,       -0.97,       0.97
2025-11-07T15:29:42.162,      -0.00,       -0.00,       -1.01,       1.01
2025-11-07T15:29:42.665,       0.00,        0.01,       -0.98,       0.98
2025-11-07T15:29:43.181,       0.00,        0.01,       -1.05,       1.05
2025-11-07T15:29:43.694,      -0.00,       -0.01,       -1.09,       1.09
2025-11-07T15:29:44.209,       0.00,        0.02,       -1.19,       1.19
2025-11-07T15:29:44.712,       0.01,       -0.01,       -1.23,       1.23
2025-11-07T15:29:45.228,       0.00,       -0.02,       -1.30,       1.30
2025-11-07T15:29:45.777,       0.01,       -0.01,       -1.36,       1.36
2025-11-07T15:29:46.294,       0.01,       -0.02,       -1.45,       1.45
2025-11-07T15:29:46.810,      -0.00,       -0.03,       -1.44,       1.44
2025-11-07T15:29:47.323,      -0.01,       -0.02,       -1.49,       1.49
2025-11-07T15:29:47.840,       0.01,       -0.01,       -1.58,       1.58
2025-11-07T15:29:48.343,       0.01,       -0.02,       -1.65,       1.65
2025-11-07T15:29:48.858,      -0.01,       -0.03,       -1.69,       1.69
2025-11-07T15:29:49.371,      -0.02,       -0.02,       -1.71,       1.71
2025-11-07T15:29:49.888,       0.00,       -0.04,       -1.73,       1.73
2025-11-07T15:29:50.402,       0.01,       -0.03,       -1.79,       1.79
2025-11-07T15:29:50.921,      -0.03,       -0.01,       -1.84,       1.84
2025-11-07T15:29:51.489,       0.01,       -0.02,       -1.84,       1.84
2025-11-07T15:29:52.035,      -0.01,       -0.01,       -1.91,       1.91
2025-11-07T15:29:52.554,      -0.01,       -0.02,       -1.92,       1.92
2025-11-07T15:29:53.067,      -0.01,       -0.01,       -1.94,       1.94
2025-11-07T15:29:53.584,      -0.00,       -0.02,       -1.95,       1.95
2025-11-07T15:29:54.099,      -0.02,        0.01,       -1.96,       1.96
2025-11-07T15:29:54.602,      -0.01,       -0.01,       -1.97,       1.97
2025-11-07T15:29:55.115,      -0.01,       -0.00,       -1.97,       1.97
2025-11-07T15:29:55.631,      -0.00,       -0.01,       -1.98,       1.98
2025-11-07T15:29:56.147,      -0.00,        0.00,       -1.95,       1.95
2025-11-07T15:29:56.665,      -0.01,       -0.01,       -1.95,       1.95
2025-11-07T15:29:57.182,      -0.01,       -0.01,       -1.96,       1.96
2025-11-07T15:29:57.730,      -0.01,       -0.02,       -1.96,       1.96
2025-11-07T15:29:58.248,      -0.01,       -0.02,       -2.00,       2.00
2025-11-07T15:29:58.763,      -0.00,       -0.01,       -1.97,       1.97
2025-11-07T15:29:59.280,      -0.02,       -0.02,       -2.02,       2.02
2025-11-07T15:29:59.842,      -0.03,       -0.01,       -2.00,       2.00
2025-11-07T15:30:00.344,      -0.02,        0.01,       -1.95,       1.95
2025-11-07T15:30:00.860,      -0.01,       -0.00,       -2.00,       2.00
2025-11-07T15:30:01.375,      -0.01,       -0.01,       -1.97,       1.97
2025-11-07T15:30:01.890,      -0.01,        0.01,       -1.98,       1.98
2025-11-07T15:30:02.393,      -0.01,        0.01,       -2.00,       2.00
2025-11-07T15:30:02.908,      -0.01,       -0.00,       -2.00,       2.00
2025-11-07T15:30:03.423,      -0.02,        0.00,       -1.98,       1.98
2025-11-07T15:30:03.938,      -0.03,       -0.01,       -1.88,       1.88
2025-11-07T15:30:04.454,      -0.01,        0.01,       -1.84,       1.84
2025-11-07T15:30:04.974,      -0.01,       -0.01,       -1.74,       1.74
2025-11-07T15:30:05.490,      -0.02,       -0.02,       -1.69,       1.69
2025-11-07T15:30:06.052,      -0.02,       -0.01,       -1.65,       1.65
2025-11-07T15:30:06.554,       0.00,       -0.00,       -1.57,       1.57
2025-11-07T15:30:07.072,      -0.01,       -0.02,       -1.48,       1.48
2025-11-07T15:30:07.584,      -0.00,       -0.01,       -1.39,       1.39
2025-11-07T15:30:08.101,       0.00,       -0.05,       -1.35,       1.35
2025-11-07T15:30:08.617,      -0.01,       -0.03,       -1.22,       1.22
2025-11-07T15:30:09.135,      -0.01,       -0.03,       -1.19,       1.19
2025-11-07T15:30:09.651,      -0.02,       -0.03,       -1.13,       1.13
2025-11-07T15:30:10.197,      -0.00,        0.00,       -1.12,       1.12
2025-11-07T15:30:10.715,       0.00,       -0.03,       -1.10,       1.10
2025-11-07T15:30:11.234,       0.00,       -0.04,       -0.99,       0.99
2025-11-07T15:30:11.749,      -0.00,       -0.02,       -0.95,       0.95
2025-11-07T15:30:12.263,      -0.01,       -0.02,       -1.03,       1.03
2025-11-07T15:30:12.778,      -0.01,       -0.01,       -0.98,       0.98
2025-11-07T15:30:13.294,      -0.01,        0.01,       -0.85,       0.85
2025-11-07T15:30:13.814,       0.01,       -0.01,       -0.79,       0.79
2025-11-07T15:30:14.329,       0.01,       -0.01,       -0.74,       0.74
2025-11-07T15:30:14.843,      -0.01,       -0.01,       -0.70,       0.70
2025-11-07T15:30:15.360,      -0.01,       -0.01,       -0.59,       0.59
2025-11-07T15:30:15.875,      -0.01,       -0.01,       -0.53,       0.53
2025-11-07T15:30:16.394,       0.00,       -0.02,       -0.46,       0.46
2025-11-07T15:30:16.911,       0.02,        0.00,       -0.47,       0.47
2025-11-07T15:30:17.424,      -0.02,       -0.02,       -0.45,       0.45
2025-11-07T15:30:17.924,      -0.02,       -0.03,       -0.33,       0.33
2025-11-07T15:30:18.442,      -0.01,       -0.00,       -0.27,       0.27
2025-11-07T15:30:18.959,      -0.01,       -0.01,       -0.24,       0.24
2025-11-07T15:30:19.521,       0.01,       -0.01,       -0.18,       0.18
2025-11-07T15:30:20.037,       0.01,       -0.02,       -0.10,       0.11
2025-11-07T15:30:20.554,       0.00,       -0.03,       -0.08,       0.08
2025-11-07T15:30:21.072,      -0.00,       -0.02,       -0.04,       0.05
2025-11-07T15:30:21.588,      -0.00,       -0.02,       -0.04,       0.04
2025-11-07T15:30:22.103,       0.01,       -0.01,       -0.04,       0.04
2025-11-07T15:30:22.668,       0.01,       -0.01,       -0.05,       0.06
2025-11-07T15:30:23.169,       0.02,        0.02,       -0.06,       0.06
2025-11-07T15:30:23.703,       0.01,        0.01,       -0.02,       0.03
2025-11-07T15:30:24.216,       0.02,       -0.00,       -0.03,       0.04
2025-11-07T15:30:24.732,       0.00,       -0.01,       -0.03,       0.03
2025-11-07T15:30:25.249,       0.01,       -0.00,       -0.05,       0.05
2025-11-07T15:30:25.767,       0.00,        0.01,       -0.04,       0.05
2025-11-07T15:30:26.283,       0.00,       -0.02,       -0.01,       0.02
2025-11-07T15:30:26.830,      -0.01,       -0.02,       -0.07,       0.07
2025-11-07T15:30:27.347,      -0.01,        0.01,       -0.03,       0.03
2025-11-07T15:30:27.865,       0.00,        0.01,       -0.07,       0.07
2025-11-07T15:30:28.380,      -0.01,       -0.01,       -0.03,       0.03
2025-11-07T15:30:28.895,       0.00,       -0.00,       -0.02,       0.02
2025-11-07T15:30:29.410,      -0.00,       -0.00,       -0.04,       0.04
2025-11-07T15:30:29.926,       0.01,       -0.02,       -0.03,       0.04
2025-11-07T15:30:30.446,       0.00,        0.01,       -0.00,       0.01
2025-11-07T15:30:31.009,       0.01,       -0.02,       -0.04,       0.05
2025-11-07T15:30:31.575,       0.01,        0.01,       -0.03,       0.03
2025-11-07T15:30:32.078,       0.02,        0.01,       -0.05,       0.05
2025-11-07T15:30:32.594,       0.01,       -0.01,       -0.00,       0.01
2025-11-07T15:30:33.106,      -0.00,       -0.00,       -0.01,       0.01
2025-11-07T15:30:33.622,       0.01,       -0.00,       -0.06,       0.07
2025-11-07T15:30:34.139,       0.00,       -0.01,       -0.06,       0.06
2025-11-07T15:30:34.641,      -0.00,       -0.00,        0.00,       0.00
2025-11-07T15:30:35.154,       0.00,       -0.01,       -0.05,       0.05
2025-11-07T15:30:35.670,       0.01,       -0.01,       -0.03,       0.04
2025-11-07T15:30:36.187,       0.01,       -0.00,       -0.04,       0.04
2025-11-07T15:30:36.705,       0.00,        0.01,       -0.02,       0.03
2025-11-07T15:30:37.221,       0.01,        0.01,       -0.03,       0.04
2025-11-07T15:30:37.736,       0.01,        0.01,       -0.02,       0.03
2025-11-07T15:30:38.251,       0.01,       -0.01,       -0.03,       0.04
2025-11-07T15:30:38.767,       0.01,        0.01,       -0.06,       0.06
2025-11-07T15:30:39.287,       0.00,        0.01,       -0.06,       0.06
2025-11-07T15:30:39.801,       0.00,        0.02,       -0.01,       0.02
2025-11-07T15:30:40.315,       0.00,        0.01,        0.05,       0.06
2025-11-07T15:30:40.832,      -0.01,        0.00,        0.03,       0.03
2025-11-07T15:30:41.347,       0.01,        0.01,       -0.01,       0.01
2025-11-07T15:30:41.866,       0.01,        0.00,       -0.02,       0.02
2025-11-07T15:30:42.383,      -0.00,       -0.00,       -0.04,       0.04
2025-11-07T15:30:42.898,       0.01,       -0.01,       -0.06,       0.07
2025-11-07T15:30:43.412,       0.02,       -0.02,       -0.02,       0.04
2025-11-07T15:30:43.929,       0.02,        0.01,       -0.03,       0.04
2025-11-07T15:30:44.432,       0.00,       -0.00,       -0.02,       0.02
2025-11-07T15:30:44.944,       0.00,       -0.00,       -0.03,       0.03
2025-11-07T15:30:45.460,      -0.01,        0.01,       -0.01,       0.02
2025-11-07T15:30:45.977,       0.01,       -0.00,       -0.01,       0.01
2025-11-07T15:30:46.492,       0.00,        0.00,        0.02,       0.02
2025-11-07T15:30:47.010,       0.01,        0.00,       -0.01,       0.01
2025-11-07T15:30:47.527,      -0.01,        0.02,       -0.01,       0.03
2025-11-07T15:30:48.040,       0.00,        0.01,       -0.03,       0.03
2025-11-07T15:30:48.542,       0.00,        0.01,        0.02,       0.02
2025-11-07T15:30:49.058,       0.01,        0.01,       -0.05,       0.05
2025-11-07T15:30:49.575,      -0.01,       -0.01,       -0.04,       0.04
2025-11-07T15:30:50.088,       0.00,       -0.01,        0.03,       0.03
2025-11-07T15:30:50.604,       0.01,       -0.01,       -0.06,       0.06
2025-11-07T15:30:51.121,       0.02,        0.03,       -0.01,       0.03
2025-11-07T15:30:51.623,      -0.01,        0.01,       -0.02,       0.03
2025-11-07T15:30:52.136,       0.01,       -0.00,        0.01,       0.01
2025-11-07T15:30:52.652,       0.01,        0.01,       -0.03,       0.03
2025-11-07T15:30:53.169,       0.00,        0.01,       -0.03,       0.04
2025-11-07T15:30:53.687,      -0.01,        0.01,       -0.02,       0.02
2025-11-07T15:30:54.202,       0.01,        0.01,       -0.04,       0.04
2025-11-07T15:30:54.719,       0.01,       -0.01,       -0.02,       0.03
2025-11-07T15:30:55.232,       0.00,        0.00,       -0.01,       0.01
2025-11-07T15:30:55.748,       0.00,       -0.01,       -0.02,       0.02
2025-11-07T15:30:56.265,       0.00,       -0.02,       -0.02,       0.03
2025-11-07T15:30:56.783,      -0.00,       -0.01,       -0.03,       0.03
2025-11-07T15:30:57.297,      -0.00,       -0.02,       -0.03,       0.04
2025-11-07T15:30:57.813,      -0.00,       -0.01,       -0.04,       0.04
2025-11-07T15:30:58.329,       0.01,       -0.00,       -0.04,       0.04
2025-11-07T15:30:58.831,      -0.00,       -0.00,       -0.04,       0.04
2025-11-07T15:30:59.345,      -0.01,       -0.01,       -0.03,       0.03
2025-11-07T15:30:59.880,       0.01,       -0.00,       -0.02,       0.02
2025-11-07T15:31:00.429,      -0.00,       -0.02,       -0.02,       0.03
2025-11-07T15:31:00.945,      -0.00,        0.01,        0.02,       0.02
2025-11-07T15:31:01.462,       0.00,        0.00,       -0.03,       0.03
2025-11-07T15:31:01.975,      -0.00,       -0.01,       -0.03,       0.03
2025-11-07T15:31:02.491,       0.00,       -0.01,       -0.06,       0.07
2025-11-07T15:31:03.008,      -0.00,       -0.02,       -0.01,       0.02
2025-11-07T15:31:03.526,      -0.00,        0.01,        0.03,       0.03
2025-11-07T15:31:04.042,       0.00,        0.02,        0.01,       0.02
2025-11-07T15:31:04.559,      -0.01,        0.02,        0.01,       0.02
2025-11-07T15:31:05.122,       0.01,        0.00,       -0.03,       0.03
2025-11-07T15:31:05.623,       0.00,        0.01,       -0.02,       0.02
2025-11-07T15:31:06.137,      -0.00,       -0.01,       -0.03,       0.03
2025-11-07T15:31:06.654,      -0.01,        0.01,       -0.02,       0.02
2025-11-07T15:31:07.169,       0.01,        0.03,        0.00,       0.03
2025-11-07T15:31:07.688,       0.01,        0.02,       -0.02,       0.03
2025-11-07T15:31:08.205,       0.00,        0.02,       -0.04,       0.04
2025-11-07T15:31:08.720,      -0.00,        0.01,       -0.02,       0.02
2025-11-07T15:31:09.270,      -0.00,        0.01,       -0.03,       0.03
2025-11-07T15:31:09.800,      -0.00,        0.01,        0.01,       0.01
2025-11-07T15:31:10.319,       0.00,        0.02,       -0.02,       0.03
2025-11-07T15:31:10.865,      -0.00,        0.00,        0.02,       0.02
2025-11-07T15:31:11.381,       0.00,        0.02,       -0.05,       0.05
2025-11-07T15:31:11.897,       0.01,        0.01,       -0.05,       0.05
2025-11-07T15:31:12.416,      -0.00,        0.01,       -0.02,       0.03
2025-11-07T15:31:12.979,       0.00,        0.00,       -0.05,       0.05
2025-11-07T15:31:13.482,       0.01,        0.00,       -0.04,       0.04
2025-11-07T15:31:13.999,      -0.00,        0.01,        0.02,       0.02
2025-11-07T15:31:14.511,       0.01,       -0.00,       -0.02,       0.02
2025-11-07T15:31:15.028,       0.00,       -0.00,       -0.02,       0.02
2025-11-07T15:31:15.545,       0.01,        0.00,       -0.04,       0.04
2025-11-07T15:31:15.829,        NaN,         NaN,         NaN,        NaN
2025-11-07T15:31:15.844,        NaN,         NaN,         NaN,        NaN
